time ./fractz3.py --hammersley --seed=42 9
Solving fractz3(9): 1704 conditions, hold tight..
sat
x: [0, 256, 128, 384, 64, 320, 192, 448, 32, 288, 160, 416, 96, 352, 224, 480, 16, 272, 144, 400, 80, 336, 208, 464, 48, 304, 176, 432, 112, 368, 240, 496, 8, 264, 136, 392, 72, 328, 200, 456, 40, 296, 168, 424, 104, 360, 232, 488, 24, 280, 152, 408, 88, 344, 216, 472, 56, 312, 184, 440, 120, 376, 248, 504, 4, 260, 132, 388, 68, 324, 196, 452, 36, 292, 164, 420, 100, 356, 228, 484, 20, 276, 148, 404, 84, 340, 212, 468, 52, 308, 180, 436, 116, 372, 244, 500, 12, 268, 140, 396, 76, 332, 204, 460, 44, 300, 172, 428, 108, 364, 236, 492, 28, 284, 156, 412, 92, 348, 220, 476, 60, 316, 188, 444, 124, 380, 252, 508, 2, 258, 130, 386, 66, 322, 194, 450, 34, 290, 162, 418, 98, 354, 226, 482, 18, 274, 146, 402, 82, 338, 210, 466, 50, 306, 178, 434, 114, 370, 242, 498, 10, 266, 138, 394, 74, 330, 202, 458, 42, 298, 170, 426, 106, 362, 234, 490, 26, 282, 154, 410, 90, 346, 218, 474, 58, 314, 186, 442, 122, 378, 250, 506, 6, 262, 134, 390, 70, 326, 198, 454, 38, 294, 166, 422, 102, 358, 230, 486, 22, 278, 150, 406, 86, 342, 214, 470, 54, 310, 182, 438, 118, 374, 246, 502, 14, 270, 142, 398, 78, 334, 206, 462, 46, 302, 174, 430, 110, 366, 238, 494, 30, 286, 158, 414, 94, 350, 222, 478, 62, 318, 190, 446, 126, 382, 254, 510, 1, 257, 129, 385, 65, 321, 193, 449, 33, 289, 161, 417, 97, 353, 225, 481, 17, 273, 145, 401, 81, 337, 209, 465, 49, 305, 177, 433, 113, 369, 241, 497, 9, 265, 137, 393, 73, 329, 201, 457, 41, 297, 169, 425, 105, 361, 233, 489, 25, 281, 153, 409, 89, 345, 217, 473, 57, 313, 185, 441, 121, 377, 249, 505, 5, 261, 133, 389, 69, 325, 197, 453, 37, 293, 165, 421, 101, 357, 229, 485, 21, 277, 149, 405, 85, 341, 213, 469, 53, 309, 181, 437, 117, 373, 245, 501, 13, 269, 141, 397, 77, 333, 205, 461, 45, 301, 173, 429, 109, 365, 237, 493, 29, 285, 157, 413, 93, 349, 221, 477, 61, 317, 189, 445, 125, 381, 253, 509, 3, 259, 131, 387, 67, 323, 195, 451, 35, 291, 163, 419, 99, 355, 227, 483, 19, 275, 147, 403, 83, 339, 211, 467, 51, 307, 179, 435, 115, 371, 243, 499, 11, 267, 139, 395, 75, 331, 203, 459, 43, 299, 171, 427, 107, 363, 235, 491, 27, 283, 155, 411, 91, 347, 219, 475, 59, 315, 187, 443, 123, 379, 251, 507, 7, 263, 135, 391, 71, 327, 199, 455, 39, 295, 167, 423, 103, 359, 231, 487, 23, 279, 151, 407, 87, 343, 215, 471, 55, 311, 183, 439, 119, 375, 247, 503, 15, 271, 143, 399, 79, 335, 207, 463, 47, 303, 175, 431, 111, 367, 239, 495, 31, 287, 159, 415, 95, 351, 223, 479, 63, 319, 191, 447, 127, 383, 255, 511]
y: [120, 411, 323, 159, 489, 239, 14, 274, 297, 53, 179, 438, 202, 363, 474, 77, 498, 134, 99, 313, 373, 44, 208, 419, 174, 262, 456, 95, 27, 397, 345, 254, 16, 376, 429, 228, 267, 113, 162, 506, 198, 454, 292, 39, 403, 149, 86, 330, 445, 106, 216, 341, 189, 468, 307, 4, 353, 246, 56, 483, 66, 280, 385, 137, 187, 333, 389, 118, 289, 29, 250, 463, 494, 145, 74, 259, 42, 424, 380, 205, 226, 467, 278, 60, 338, 81, 129, 412, 432, 214, 0, 366, 108, 318, 500, 170, 71, 309, 485, 193, 440, 182, 50, 369, 348, 22, 235, 394, 153, 477, 287, 101, 300, 90, 167, 450, 221, 356, 420, 33, 10, 406, 326, 143, 510, 240, 126, 269, 459, 24, 146, 260, 252, 431, 347, 110, 64, 317, 509, 207, 370, 161, 47, 398, 141, 486, 291, 83, 54, 335, 409, 230, 276, 191, 115, 471, 447, 2, 212, 358, 360, 242, 63, 434, 124, 265, 452, 131, 387, 93, 222, 320, 173, 497, 302, 8, 34, 422, 383, 177, 473, 195, 96, 310, 233, 343, 405, 19, 285, 78, 155, 493, 283, 180, 68, 390, 7, 503, 355, 196, 449, 105, 138, 299, 237, 329, 426, 58, 401, 40, 248, 379, 89, 305, 490, 168, 150, 443, 270, 122, 337, 211, 21, 479, 218, 256, 461, 30, 393, 156, 85, 351, 117, 505, 375, 184, 314, 36, 224, 417, 325, 201, 13, 481, 133, 414, 273, 72, 48, 364, 437, 245, 465, 103, 164, 295, 374, 186, 46, 458, 97, 268, 435, 215, 139, 507, 339, 25, 391, 75, 241, 316, 119, 282, 418, 236, 331, 61, 166, 464, 400, 192, 92, 301, 157, 492, 362, 6, 32, 344, 448, 176, 227, 444, 277, 109, 306, 11, 128, 396, 484, 219, 82, 359, 255, 428, 258, 123, 18, 377, 476, 172, 496, 70, 200, 324, 288, 147, 55, 415, 209, 294, 407, 1, 491, 154, 112, 321, 367, 43, 183, 469, 87, 425, 272, 244, 392, 132, 100, 315, 204, 460, 350, 28, 67, 371, 501, 231, 261, 49, 160, 441, 511, 125, 223, 382, 59, 298, 386, 140, 188, 423, 266, 79, 340, 249, 20, 475, 15, 453, 354, 148, 410, 104, 197, 308, 286, 232, 38, 439, 171, 334, 480, 88, 73, 384, 346, 199, 466, 181, 62, 281, 225, 293, 433, 111, 365, 17, 130, 487, 263, 217, 94, 402, 169, 332, 502, 37, 430, 114, 243, 372, 12, 455, 319, 158, 190, 381, 488, 45, 279, 238, 84, 395, 5, 462, 311, 142, 416, 121, 213, 322, 478, 51, 163, 264, 69, 413, 357, 253, 336, 151, 26, 504, 203, 296, 446, 102, 136, 508, 312, 80, 361, 23, 247, 436, 52, 349, 408, 220, 470, 185, 98, 271, 327, 3, 229, 427, 152, 495, 290, 76, 451, 175, 116, 275, 41, 378, 388, 194, 421, 251, 9, 342, 304, 65, 144, 482, 206, 404, 368, 57, 127, 257, 472, 178, 303, 91, 135, 499, 442, 210, 31, 352, 107, 284, 457, 165, 234, 399, 328, 35]
is_fractal(x): True
is_fractal(y): True
is_perfect(x, y): True

real	36m16.220s
user	35m59.357s
sys	0m0.601s
