time ./fractz3.py --hammersley --seed=43 9
Solving fractz3(9): 1704 conditions, hold tight..
sat
x: [0, 256, 128, 384, 64, 320, 192, 448, 32, 288, 160, 416, 96, 352, 224, 480, 16, 272, 144, 400, 80, 336, 208, 464, 48, 304, 176, 432, 112, 368, 240, 496, 8, 264, 136, 392, 72, 328, 200, 456, 40, 296, 168, 424, 104, 360, 232, 488, 24, 280, 152, 408, 88, 344, 216, 472, 56, 312, 184, 440, 120, 376, 248, 504, 4, 260, 132, 388, 68, 324, 196, 452, 36, 292, 164, 420, 100, 356, 228, 484, 20, 276, 148, 404, 84, 340, 212, 468, 52, 308, 180, 436, 116, 372, 244, 500, 12, 268, 140, 396, 76, 332, 204, 460, 44, 300, 172, 428, 108, 364, 236, 492, 28, 284, 156, 412, 92, 348, 220, 476, 60, 316, 188, 444, 124, 380, 252, 508, 2, 258, 130, 386, 66, 322, 194, 450, 34, 290, 162, 418, 98, 354, 226, 482, 18, 274, 146, 402, 82, 338, 210, 466, 50, 306, 178, 434, 114, 370, 242, 498, 10, 266, 138, 394, 74, 330, 202, 458, 42, 298, 170, 426, 106, 362, 234, 490, 26, 282, 154, 410, 90, 346, 218, 474, 58, 314, 186, 442, 122, 378, 250, 506, 6, 262, 134, 390, 70, 326, 198, 454, 38, 294, 166, 422, 102, 358, 230, 486, 22, 278, 150, 406, 86, 342, 214, 470, 54, 310, 182, 438, 118, 374, 246, 502, 14, 270, 142, 398, 78, 334, 206, 462, 46, 302, 174, 430, 110, 366, 238, 494, 30, 286, 158, 414, 94, 350, 222, 478, 62, 318, 190, 446, 126, 382, 254, 510, 1, 257, 129, 385, 65, 321, 193, 449, 33, 289, 161, 417, 97, 353, 225, 481, 17, 273, 145, 401, 81, 337, 209, 465, 49, 305, 177, 433, 113, 369, 241, 497, 9, 265, 137, 393, 73, 329, 201, 457, 41, 297, 169, 425, 105, 361, 233, 489, 25, 281, 153, 409, 89, 345, 217, 473, 57, 313, 185, 441, 121, 377, 249, 505, 5, 261, 133, 389, 69, 325, 197, 453, 37, 293, 165, 421, 101, 357, 229, 485, 21, 277, 149, 405, 85, 341, 213, 469, 53, 309, 181, 437, 117, 373, 245, 501, 13, 269, 141, 397, 77, 333, 205, 461, 45, 301, 173, 429, 109, 365, 237, 493, 29, 285, 157, 413, 93, 349, 221, 477, 61, 317, 189, 445, 125, 381, 253, 509, 3, 259, 131, 387, 67, 323, 195, 451, 35, 291, 163, 419, 99, 355, 227, 483, 19, 275, 147, 403, 83, 339, 211, 467, 51, 307, 179, 435, 115, 371, 243, 499, 11, 267, 139, 395, 75, 331, 203, 459, 43, 299, 171, 427, 107, 363, 235, 491, 27, 283, 155, 411, 91, 347, 219, 475, 59, 315, 187, 443, 123, 379, 251, 507, 7, 263, 135, 391, 71, 327, 199, 455, 39, 295, 167, 423, 103, 359, 231, 487, 23, 279, 151, 407, 87, 343, 215, 471, 55, 311, 183, 439, 119, 375, 247, 503, 15, 271, 143, 399, 79, 335, 207, 463, 47, 303, 175, 431, 111, 367, 239, 495, 31, 287, 159, 415, 95, 351, 223, 479, 63, 319, 191, 447, 127, 383, 255, 511]
y: [156, 296, 465, 101, 330, 24, 201, 442, 503, 190, 63, 374, 85, 410, 262, 247, 14, 461, 313, 161, 217, 359, 425, 119, 284, 71, 132, 395, 493, 234, 42, 339, 225, 347, 435, 4, 292, 104, 178, 473, 384, 196, 95, 277, 38, 482, 362, 136, 76, 405, 379, 210, 170, 306, 507, 51, 321, 18, 250, 448, 417, 148, 125, 268, 185, 445, 334, 89, 468, 228, 29, 289, 114, 257, 415, 223, 367, 55, 154, 499, 431, 97, 252, 316, 47, 453, 342, 164, 383, 128, 8, 489, 194, 273, 389, 65, 457, 2, 141, 351, 110, 436, 309, 207, 241, 352, 508, 56, 280, 182, 81, 400, 303, 213, 74, 423, 147, 325, 476, 21, 35, 485, 267, 175, 398, 122, 236, 369, 202, 504, 283, 60, 407, 134, 112, 360, 66, 299, 429, 233, 333, 17, 162, 471, 261, 152, 12, 490, 244, 386, 376, 90, 451, 44, 186, 311, 102, 344, 439, 218, 53, 373, 480, 145, 274, 79, 255, 396, 169, 447, 336, 109, 474, 198, 30, 291, 355, 86, 215, 409, 0, 497, 265, 142, 419, 226, 127, 322, 176, 319, 458, 36, 326, 238, 116, 467, 432, 32, 131, 258, 192, 393, 295, 73, 11, 380, 487, 189, 403, 48, 166, 286, 365, 220, 82, 511, 27, 341, 454, 150, 248, 421, 314, 106, 495, 173, 59, 370, 92, 279, 390, 230, 304, 98, 209, 427, 158, 463, 329, 6, 121, 271, 412, 243, 500, 181, 40, 348, 139, 478, 357, 22, 300, 68, 205, 440, 434, 245, 118, 382, 37, 298, 496, 184, 222, 462, 340, 20, 256, 67, 129, 408, 168, 354, 430, 91, 479, 5, 195, 275, 58, 388, 315, 239, 323, 159, 105, 491, 269, 80, 151, 452, 444, 253, 10, 372, 126, 293, 484, 165, 203, 394, 335, 54, 363, 138, 43, 422, 99, 510, 307, 211, 470, 31, 227, 287, 177, 345, 406, 75, 506, 188, 16, 281, 77, 443, 331, 251, 144, 356, 397, 62, 290, 115, 219, 449, 34, 475, 318, 143, 204, 378, 418, 94, 349, 103, 172, 492, 402, 235, 13, 263, 69, 264, 466, 212, 368, 46, 183, 437, 387, 242, 108, 338, 135, 502, 310, 1, 302, 26, 197, 414, 481, 163, 123, 324, 229, 426, 366, 87, 50, 276, 459, 153, 392, 120, 224, 350, 167, 477, 266, 61, 371, 137, 9, 446, 70, 308, 498, 193, 246, 494, 358, 107, 278, 155, 45, 411, 93, 320, 420, 216, 455, 25, 191, 301, 149, 401, 259, 52, 328, 113, 249, 460, 505, 200, 84, 317, 23, 377, 433, 171, 3, 294, 483, 179, 232, 391, 364, 96, 285, 39, 133, 464, 428, 214, 78, 343, 450, 208, 83, 312, 15, 327, 413, 157, 160, 509, 260, 111, 381, 33, 237, 438, 337, 57, 180, 488, 385, 199, 72, 297, 28, 282, 469, 130, 240, 416, 353, 117, 124, 441, 346, 231, 146, 272, 456, 7, 288, 64, 206, 404, 486, 174, 49, 361, 221, 332, 399, 19, 305, 88, 140, 501, 424, 187, 41, 375, 100, 472, 270, 254]
is_fractal(x): True
is_fractal(y): True
is_perfect(x, y): True

real	21m8.282s
user	20m58.296s
sys	0m0.720s
