time ./fractz3.py --hammersley --seed=44 9
Solving fractz3(9): 1704 conditions, hold tight..
sat
x: [0, 256, 128, 384, 64, 320, 192, 448, 32, 288, 160, 416, 96, 352, 224, 480, 16, 272, 144, 400, 80, 336, 208, 464, 48, 304, 176, 432, 112, 368, 240, 496, 8, 264, 136, 392, 72, 328, 200, 456, 40, 296, 168, 424, 104, 360, 232, 488, 24, 280, 152, 408, 88, 344, 216, 472, 56, 312, 184, 440, 120, 376, 248, 504, 4, 260, 132, 388, 68, 324, 196, 452, 36, 292, 164, 420, 100, 356, 228, 484, 20, 276, 148, 404, 84, 340, 212, 468, 52, 308, 180, 436, 116, 372, 244, 500, 12, 268, 140, 396, 76, 332, 204, 460, 44, 300, 172, 428, 108, 364, 236, 492, 28, 284, 156, 412, 92, 348, 220, 476, 60, 316, 188, 444, 124, 380, 252, 508, 2, 258, 130, 386, 66, 322, 194, 450, 34, 290, 162, 418, 98, 354, 226, 482, 18, 274, 146, 402, 82, 338, 210, 466, 50, 306, 178, 434, 114, 370, 242, 498, 10, 266, 138, 394, 74, 330, 202, 458, 42, 298, 170, 426, 106, 362, 234, 490, 26, 282, 154, 410, 90, 346, 218, 474, 58, 314, 186, 442, 122, 378, 250, 506, 6, 262, 134, 390, 70, 326, 198, 454, 38, 294, 166, 422, 102, 358, 230, 486, 22, 278, 150, 406, 86, 342, 214, 470, 54, 310, 182, 438, 118, 374, 246, 502, 14, 270, 142, 398, 78, 334, 206, 462, 46, 302, 174, 430, 110, 366, 238, 494, 30, 286, 158, 414, 94, 350, 222, 478, 62, 318, 190, 446, 126, 382, 254, 510, 1, 257, 129, 385, 65, 321, 193, 449, 33, 289, 161, 417, 97, 353, 225, 481, 17, 273, 145, 401, 81, 337, 209, 465, 49, 305, 177, 433, 113, 369, 241, 497, 9, 265, 137, 393, 73, 329, 201, 457, 41, 297, 169, 425, 105, 361, 233, 489, 25, 281, 153, 409, 89, 345, 217, 473, 57, 313, 185, 441, 121, 377, 249, 505, 5, 261, 133, 389, 69, 325, 197, 453, 37, 293, 165, 421, 101, 357, 229, 485, 21, 277, 149, 405, 85, 341, 213, 469, 53, 309, 181, 437, 117, 373, 245, 501, 13, 269, 141, 397, 77, 333, 205, 461, 45, 301, 173, 429, 109, 365, 237, 493, 29, 285, 157, 413, 93, 349, 221, 477, 61, 317, 189, 445, 125, 381, 253, 509, 3, 259, 131, 387, 67, 323, 195, 451, 35, 291, 163, 419, 99, 355, 227, 483, 19, 275, 147, 403, 83, 339, 211, 467, 51, 307, 179, 435, 115, 371, 243, 499, 11, 267, 139, 395, 75, 331, 203, 459, 43, 299, 171, 427, 107, 363, 235, 491, 27, 283, 155, 411, 91, 347, 219, 475, 59, 315, 187, 443, 123, 379, 251, 507, 7, 263, 135, 391, 71, 327, 199, 455, 39, 295, 167, 423, 103, 359, 231, 487, 23, 279, 151, 407, 87, 343, 215, 471, 55, 311, 183, 439, 119, 375, 247, 503, 15, 271, 143, 399, 79, 335, 207, 463, 47, 303, 175, 431, 111, 367, 239, 495, 31, 287, 159, 415, 95, 351, 223, 479, 63, 319, 191, 447, 127, 383, 255, 511]
y: [5, 465, 292, 183, 348, 109, 192, 398, 158, 358, 445, 43, 488, 229, 91, 268, 455, 21, 171, 334, 219, 305, 403, 122, 67, 430, 371, 241, 277, 137, 61, 500, 262, 190, 9, 414, 102, 324, 475, 201, 434, 85, 253, 300, 134, 480, 378, 39, 232, 280, 456, 79, 390, 50, 145, 339, 362, 208, 118, 510, 29, 417, 314, 164, 199, 291, 507, 112, 16, 438, 345, 179, 477, 155, 59, 275, 381, 75, 224, 394, 364, 95, 244, 493, 140, 266, 420, 34, 98, 450, 320, 215, 409, 161, 14, 309, 130, 354, 443, 53, 299, 248, 126, 486, 386, 2, 185, 331, 80, 463, 285, 221, 319, 204, 105, 427, 470, 24, 174, 372, 45, 405, 258, 151, 236, 343, 499, 69, 482, 132, 37, 316, 360, 77, 243, 418, 13, 264, 467, 186, 222, 396, 347, 97, 168, 411, 323, 18, 503, 196, 88, 288, 283, 57, 152, 437, 116, 382, 459, 231, 429, 234, 65, 368, 46, 505, 278, 148, 341, 125, 213, 478, 176, 306, 401, 31, 107, 333, 388, 203, 256, 138, 49, 453, 254, 490, 302, 83, 446, 1, 166, 352, 87, 494, 367, 239, 440, 173, 26, 270, 217, 313, 385, 100, 336, 33, 142, 460, 62, 424, 273, 157, 247, 377, 509, 72, 296, 181, 7, 412, 469, 115, 207, 329, 407, 55, 128, 260, 70, 449, 357, 250, 162, 327, 496, 10, 294, 195, 120, 422, 351, 111, 210, 472, 188, 392, 310, 22, 485, 226, 92, 374, 41, 286, 432, 146, 238, 474, 337, 40, 295, 117, 180, 428, 481, 194, 30, 355, 76, 263, 404, 131, 172, 395, 282, 81, 6, 321, 457, 240, 308, 104, 149, 501, 444, 220, 48, 383, 38, 265, 468, 227, 159, 410, 375, 89, 439, 12, 209, 297, 335, 191, 127, 492, 350, 163, 71, 389, 249, 448, 272, 60, 103, 366, 416, 143, 504, 19, 202, 312, 147, 317, 399, 20, 461, 64, 245, 359, 284, 170, 96, 442, 44, 487, 328, 214, 400, 123, 228, 289, 376, 184, 3, 479, 94, 425, 259, 198, 135, 340, 508, 54, 8, 491, 369, 165, 421, 233, 113, 307, 216, 344, 452, 73, 276, 35, 136, 384, 497, 252, 25, 326, 84, 303, 435, 154, 363, 56, 178, 464, 206, 413, 269, 108, 218, 380, 511, 121, 274, 133, 58, 402, 454, 74, 235, 342, 11, 447, 301, 169, 86, 426, 304, 200, 177, 365, 489, 27, 330, 144, 47, 397, 476, 110, 246, 267, 261, 193, 99, 484, 391, 17, 139, 349, 52, 462, 373, 187, 230, 315, 419, 90, 436, 4, 160, 287, 322, 212, 66, 502, 156, 293, 408, 32, 119, 471, 356, 255, 290, 51, 129, 431, 101, 495, 346, 223, 387, 242, 82, 257, 189, 353, 466, 0, 379, 78, 197, 451, 36, 441, 318, 175, 237, 281, 506, 114, 406, 153, 23, 325, 458, 150, 42, 370, 205, 271, 415, 106, 15, 498, 332, 251, 298, 68, 182, 433, 124, 338, 423, 141, 483, 63, 211, 279, 167, 393, 311, 28, 361, 225, 93, 473]
is_fractal(x): True
is_fractal(y): True
is_perfect(x, y): True

real	36m15.892s
user	36m1.204s
sys	0m0.552s
